9
0123456789
b
0
1
8
55
0 0 0 b 1
0 1 1 1 0
0 2 1 2 0
0 3 1 3 0
0 4 1 4 0
0 5 1 5 0
0 6 1 6 0
0 7 1 7 0
0 8 1 8 0
0 9 1 9 0
0 b 8 b 0

1 0 1 0 1
2 0 1 5 1
1 1 2 0 1
2 1 2 5 1
1 2 1 1 1
2 2 1 6 1
1 3 2 1 1
2 3 2 6 1
1 4 1 2 1
2 4 1 7 1
1 5 2 2 1
2 5 2 7 1
1 6 1 3 1
2 6 1 8 1
1 7 2 3 1
2 7 2 8 1
1 8 1 4 1
2 8 1 9 1
1 9 2 4 1
2 9 2 9 1

1 b 3 0 0
2 b 3 1 0

3 0 4 b 1
3 1 5 b 1

4 0 4 0 1
4 1 5 0 1
4 b 6 0 -1
5 0 4 1 1
5 1 5 1 1 
5 b 6 1 -1

6 0 6 0 -1
6 1 6 1 -1
6 b 7 b -1

7 0 7 0 -1
7 1 7 1 -1
7 2 7 2 -1
7 3 7 3 -1
7 4 7 4 -1
7 5 7 5 -1
7 6 7 6 -1
7 7 7 7 -1
7 8 7 8 -1
7 9 7 9 -1
7 b 0 b 1
