14
0123456789#
b
0
1
13
76
0 0 0 b 1
0 1 1 1 0
0 2 1 2 0
0 3 1 3 0
0 4 1 4 0
0 5 1 5 0
0 6 1 6 0
0 7 1 7 0
0 8 1 8 0
0 9 1 9 0
0 b 7 b 1

1 0 1 0 1
2 0 1 5 1

1 1 2 0 1
2 1 2 5 1

1 2 1 1 1
2 2 1 6 1

1 3 2 1 1
2 3 2 6 1

1 4 1 2 1
2 4 1 7 1

1 5 2 2 1
2 5 2 7 1

1 6 1 3 1
2 6 1 8 1

1 7 2 3 1
2 7 2 8 1

1 8 1 4 1
2 8 1 9 1

1 9 2 4 1
2 9 2 9 1

1 b 3 b 1
2 b 4 b 1

3 0 3 0 1
3 1 3 1 1
3 b 5 0 -1

4 0 4 0 1
4 1 4 1 1
4 b 5 1 -1

5 0 5 0 -1
5 1 5 1 -1
5 b 6 b -1

6 0 6 0 -1
6 1 6 1 -1
6 2 6 2 -1
6 3 6 3 -1
6 4 6 4 -1
6 5 6 5 -1
6 6 6 6 -1
6 7 6 7 -1
6 8 6 8 -1
6 9 6 9 -1
6 b 0 b 1

7 0 8 # -1
7 1 9 # -1
7 b 11 b -1
7 # 7 # 1

8 0 8 0 -1
8 1 8 1 -1
8 b 10 0 1
8 # 8 # -1

9 0 9 0 -1
9 1 9 1 -1
9 b 10 1 1
9 # 9 # -1

10 0 10 0 1
10 1 10 1 1
10 # 7 # 1

11 0 11 0 -1
11 1 11 1 -1
11 b 12 b 1
11 # 11 # -1

12 0 12 0 1
12 1 12 1 1
12 # 12 b 1
12 b 13 b 1
